0011110000001110101010010011100111 
1000000000000000000000000000000001 
0010100111111111111111111111110010 
1010001010101010101010101010101010 
0011111111111111111111111111111111 
0001100101011110100011110001110101 
0000000111111111111111111111111111  
0011010101111010111111111111110111 
0011111111111111111111111111111111 
0100000000000000000000000000000000 
0100000000000000000000000000000000 
0011010001110000010001000000100100 
1100000000000000000000000000000000 
0000000000000000000000000000000001 
0000000000000000000000000000000001 
1000000000000000000000000000000001 
